905 866 227 815 389 697 404 480 509 723 117 246 771 253 285 259 618 4 866 898 349 206 149 921 700 295 862 630 604 237 899 833 572 329 404 309 356 872 222 904 35 912 65 366 964 958 192 381 562 89 239 339 829 745 112 264 895 2 155 281 172 884 88 144 266 784 957 194 53 996 194 208 305 342 618 149 0 932 30 27 232 766 695 773 938 638 931 883 702 521 751 881 227 740 121 525 951 696 
979 575 369 398 285 111 102 221 688 647 394 145 75 321 506 324 689 130 220 271 689 536 317 919 651 358 714 665 895 876 804 252 673 561 373 444 546 136 39 126 119 178 948 975 958 693 166 261 508 999 637 443 232 258 403 458 394 506 363 436 993 969 627 848 982 425 430 887 185 699 373 989 363 210 128 451 302 359 445 863 865 759 778 605 630 565 862 885 756 250 882 253 463 501 436 445 221 585 
198 471 472 274 376 41 621 24 921 684 577 626 593 579 772 771 832 583 879 988 507 280 34 683 984 10 718 902 729 644 765 689 529 429 787 595 27 991 267 385 503 337 861 658 985 286 563 758 733 3 180 493 266 41 573 334 639 286 719 880 128 706 670 542 986 400 361 636 43 684 684 521 983 765 879 631 244 428 447 482 563 416 171 96 448 720 139 818 56 134 392 563 547 35 423 406 135 886 
973 955 814 505 360 753 469 614 146 233 283 504 650 397 120 392 743 577 643 859 799 73 159 519 675 919 646 431 836 311 591 582 544 786 772 75 748 763 352 951 245 353 654 506 206 597 122 722 543 584 971 615 661 296 159 519 786 7 148 741 530 155 101 518 243 298 265 953 274 342 352 801 518 481 216 229 168 275 408 793 284 298 164 274 453 903 88 573 857 615 131 447 508 455 584 264 956 891 
34 961 83 954 612 641 354 641 717 899 465 46 647 438 340 301 446 402 665 933 609 907 335 56 425 994 907 604 556 141 252 347 871 700 614 835 50 88 651 562 641 325 263 417 46 706 634 890 672 302 853 497 300 112 304 235 424 516 131 55 253 401 683 937 16 987 422 408 195 366 471 520 515 616 272 832 868 283 527 646 124 466 203 723 608 931 731 536 696 712 742 782 272 636 175 850 162 764 
497 525 747 944 10 249 142 261 352 61 447 5 190 193 361 694 713 496 582 645 108 561 535 67 282 181 174 25 597 260 52 129 842 438 411 442 133 303 132 505 522 924 90 646 72 566 289 388 714 497 200 161 86 857 516 314 339 330 962 117 255 510 163 914 959 982 993 606 198 697 133 94 830 605 924 880 667 663 729 596 383 263 459 569 949 997 28 554 789 76 131 524 503 722 383 930 861 632 
759 304 903 905 126 546 332 659 51 474 747 940 661 320 778 613 112 460 572 299 692 412 429 932 177 777 726 984 158 367 282 371 537 554 770 497 444 606 716 583 364 630 594 904 482 385 144 786 114 840 621 941 553 870 790 762 659 28 645 380 336 198 941 698 190 230 204 634 518 829 836 124 457 546 883 17 352 907 685 133 127 197 474 793 57 160 930 672 431 652 100 80 648 634 496 920 838 707 
325 288 518 325 245 950 308 894 560 685 749 680 578 213 599 641 601 535 166 548 240 978 477 84 114 555 523 584 86 460 308 415 495 235 688 573 406 705 745 774 1 904 884 593 325 219 541 834 65 868 275 693 412 181 494 400 405 442 513 469 524 391 239 785 917 378 559 385 972 672 622 423 323 568 847 467 639 926 69 333 163 42 388 453 946 74 586 645 22 236 576 732 686 438 359 703 958 777 
301 845 856 676 449 428 493 395 590 294 533 561 164 756 618 559 505 591 433 847 534 939 704 597 246 182 812 307 57 109 480 246 761 835 564 421 711 772 313 530 82 806 849 890 548 672 324 692 394 993 126 199 373 11 129 414 659 397 957 267 419 854 709 721 765 788 523 683 874 871 537 489 118 848 625 642 666 747 804 931 162 326 458 339 386 651 641 563 484 216 274 345 453 223 441 898 46 868 
933 233 953 975 696 639 691 35 109 619 501 471 46 884 550 573 634 683 494 760 626 324 556 863 519 909 648 125 943 854 730 903 597 739 693 782 991 524 254 275 223 46 112 284 215 758 859 406 911 799 722 155 497 248 59 786 963 763 435 305 885 97 810 849 187 69 837 874 877 951 668 596 537 393 585 873 544 749 427 443 268 355 294 43 64 678 448 444 160 977 367 578 938 161 158 336 618 524 
282 420 485 753 502 183 717 773 24 444 838 879 3 645 502 377 524 554 245 256 191 85 218 43 708 424 881 340 395 292 869 661 514 397 677 566 726 606 864 62 6 654 856 932 150 707 842 411 214 457 565 575 524 752 682 762 716 660 614 457 13 640 583 726 526 770 392 641 909 940 713 597 753 705 523 311 365 615 48 307 282 329 283 686 920 636 670 839 133 969 930 806 229 100 501 332 696 718 
520 419 197 786 666 91 6 533 997 107 205 26 965 676 161 383 214 261 967 115 147 117 327 185 700 749 65 950 849 369 555 53 990 696 731 626 76 564 144 998 527 967 908 725 69 826 16 24 770 746 884 632 595 474 616 858 418 647 986 830 727 346 484 647 610 257 613 960 90 39 816 985 203 194 615 824 882 707 337 539 98 109 184 238 884 933 748 975 583 213 248 990 685 825 668 469 920 581 
323 335 740 513 403 601 263 619 456 871 88 578 735 49 509 238 227 589 969 705 625 402 862 345 363 237 815 332 133 180 739 976 858 898 339 859 158 913 66 915 806 942 579 382 432 827 829 265 147 328 887 744 932 562 854 92 616 870 467 221 764 976 371 917 656 743 922 623 911 881 30 953 692 272 397 402 276 698 710 980 544 899 49 410 340 500 749 881 353 201 438 689 691 476 655 569 733 884 
283 442 490 550 485 868 119 803 272 807 656 106 72 833 367 578 135 888 568 59 443 843 780 860 136 626 579 4 395 149 385 31 10 564 890 433 299 676 962 624 643 813 215 995 460 122 648 190 609 400 559 877 451 387 197 1 86 267 539 375 911 788 951 447 829 322 82 938 480 41 335 74 772 537 681 198 243 344 707 290 209 941 204 198 118 282 433 216 364 456 413 619 447 276 271 301 916 70 
827 667 577 204 228 86 578 144 384 483 579 91 153 111 764 975 51 989 525 218 272 582 985 272 277 258 422 22 402 850 553 214 178 602 416 336 524 725 539 303 178 124 124 502 651 177 500 474 115 652 298 111 481 397 461 415 611 677 362 720 630 589 619 660 996 685 904 851 847 936 485 316 296 234 645 225 217 851 951 690 332 944 66 457 31 488 495 694 710 575 278 274 513 55 741 804 906 225 
46 524 502 939 977 750 729 584 435 739 172 910 512 503 955 63 375 174 340 264 225 124 5 596 913 622 266 755 399 487 210 262 488 68 139 410 557 941 849 940 571 393 222 193 808 611 372 526 334 967 954 271 664 497 426 735 583 628 311 547 465 273 573 485 441 579 541 846 649 762 541 18 323 103 229 220 147 883 940 944 866 33 191 78 317 279 394 761 183 673 642 777 923 332 367 699 83 794 
239 875 467 352 31 790 421 812 896 676 257 55 948 216 537 935 808 446 379 400 649 689 791 804 0 800 383 669 107 974 687 649 117 108 267 728 466 382 288 927 655 36 370 604 528 829 255 550 693 727 292 620 618 543 295 348 221 236 272 74 569 327 111 1 152 815 532 838 142 453 781 920 687 122 931 824 104 333 198 868 328 497 546 798 189 128 340 636 150 638 648 528 734 750 864 798 944 852 
180 492 663 14 538 855 883 676 649 534 306 892 884 660 17 938 628 600 682 639 357 424 75 679 177 941 295 561 183 818 787 781 61 728 966 810 84 755 680 172 144 573 495 760 12 70 624 616 664 100 649 91 731 647 778 860 12 536 957 578 755 852 864 165 264 579 633 733 873 697 321 107 411 113 839 410 578 305 342 601 795 335 771 1 127 928 290 156 185 275 925 56 967 497 561 678 423 376 
909 563 318 215 669 900 647 729 723 749 474 221 195 79 972 937 103 458 29 141 143 672 597 660 525 120 321 354 698 557 391 926 584 711 77 925 788 454 847 864 309 865 157 310 951 679 219 698 566 633 486 265 424 158 571 460 689 54 58 380 65 812 814 641 144 446 393 678 53 893 659 595 838 250 393 115 815 562 535 255 990 731 809 909 920 676 394 96 559 686 763 865 948 195 222 902 841 981 
117 904 62 467 145 869 413 977 249 696 496 333 282 214 817 563 334 751 10 164 161 188 865 321 85 862 267 409 985 739 792 30 904 622 314 828 419 379 96 889 336 11 64 878 651 736 712 113 278 467 653 857 462 556 669 624 883 285 258 117 11 976 26 166 42 312 163 369 958 372 827 730 827 402 653 425 116 14 150 135 796 367 771 654 574 360 592 773 725 754 816 5 727 102 928 653 617 14 
899 737 828 492 103 737 411 627 361 297 897 548 790 182 351 267 594 748 125 710 104 208 80 180 107 270 194 407 276 328 546 927 226 373 314 582 914 526 893 78 894 970 157 196 655 977 715 5 60 280 996 811 918 716 498 455 529 738 77 69 18 208 888 253 88 613 827 824 426 943 747 789 751 349 416 68 345 146 282 863 450 116 65 828 734 468 432 265 841 541 71 245 441 150 35 38 420 434 
791 736 827 603 714 574 402 625 596 539 762 628 872 454 737 266 382 818 946 367 243 314 133 316 215 482 726 426 131 891 41 744 367 159 65 812 711 472 477 819 20 724 671 683 730 501 264 919 0 516 665 776 183 992 392 459 980 420 436 303 427 470 819 282 140 328 66 75 156 309 372 99 889 112 537 12 485 129 251 308 178 346 256 671 645 555 507 232 376 855 982 78 299 783 832 147 257 777 
337 259 293 996 59 753 601 636 447 744 115 108 845 644 653 378 171 323 555 685 543 414 898 74 475 511 880 349 269 679 988 108 659 198 925 979 215 416 446 445 446 17 633 971 218 837 66 945 337 594 730 5 234 255 274 342 213 143 81 113 575 554 509 515 738 242 908 142 873 723 504 912 112 965 484 210 631 806 849 610 77 105 164 168 287 450 677 605 14 921 165 390 312 235 89 223 610 813 
193 508 130 2 254 417 874 440 745 804 286 19 891 360 228 778 539 448 73 524 722 881 894 128 847 629 940 110 942 694 860 350 985 698 686 522 465 534 402 74 432 84 717 692 512 14 67 220 174 748 784 139 426 287 881 458 851 251 97 975 68 207 204 641 981 566 765 264 581 566 662 972 414 65 936 865 735 491 297 696 647 64 79 92 748 356 314 498 928 856 385 362 331 534 328 677 615 472 
220 496 979 553 499 314 849 216 237 96 190 834 473 553 372 99 264 761 294 601 446 501 667 854 957 577 268 324 508 645 329 905 779 141 758 129 186 391 451 848 457 527 986 66 98 447 944 352 980 163 763 486 96 41 15 586 445 243 48 185 97 413 333 63 972 687 945 20 988 285 487 494 230 629 250 465 462 50 252 100 568 549 74 856 825 527 214 360 847 432 976 465 191 156 428 978 309 408 
965 311 999 662 5 462 286 201 302 288 510 164 33 945 694 926 547 77 56 481 657 526 734 332 311 505 660 549 567 823 278 842 965 159 32 25 17 30 730 401 617 133 183 356 127 288 149 438 35 85 207 622 540 57 274 449 365 299 698 0 237 766 263 425 288 752 964 212 824 403 119 752 932 595 205 400 607 47 224 897 715 587 535 724 289 419 147 338 156 32 853 321 426 744 858 944 817 63 
781 289 949 663 792 124 217 847 578 106 574 179 822 307 614 791 944 752 81 280 469 341 654 906 57 490 578 772 527 916 373 350 356 169 213 924 748 664 933 642 108 38 155 38 671 753 415 510 865 130 191 305 540 905 13 954 787 133 772 906 513 746 771 816 28 255 107 389 155 574 422 120 85 600 686 480 487 627 843 879 28 904 595 685 235 612 92 512 303 846 827 801 495 188 699 384 606 140 
812 34 322 331 153 171 299 474 833 416 280 19 509 570 551 771 448 432 209 237 571 403 40 814 155 855 851 817 230 896 865 339 16 120 269 124 124 201 131 857 901 845 257 254 692 643 495 360 183 286 956 23 536 633 865 26 4 948 913 874 559 860 593 301 202 761 190 926 561 457 395 309 423 351 694 13 476 505 459 929 218 769 35 858 351 16 565 392 958 839 628 328 923 899 772 485 72 133 
991 598 170 231 728 968 147 385 326 21 41 258 333 411 496 301 517 59 291 498 819 306 44 640 379 312 84 447 9 577 280 696 696 59 209 914 710 448 288 178 919 642 216 222 684 688 385 145 972 86 299 281 748 990 994 128 182 136 990 956 870 723 669 110 109 887 861 910 498 795 589 226 725 399 556 509 929 971 818 895 987 872 601 358 871 740 263 286 934 782 674 891 45 25 687 556 802 891 
889 267 488 229 57 492 322 418 580 957 893 279 340 944 297 432 525 942 538 403 75 492 550 138 996 235 21 87 855 351 859 140 137 66 585 1 921 215 222 641 788 206 521 341 675 600 604 285 848 193 177 325 23 127 262 278 548 376 870 821 760 164 907 445 381 350 158 856 432 511 759 39 326 486 485 148 80 325 205 666 618 13 993 130 276 269 110 397 688 482 210 100 71 23 625 604 964 572 
597 237 340 860 773 745 367 78 911 632 79 265 219 382 408 855 941 607 54 774 466 348 887 133 956 39 342 82 115 717 67 461 65 854 958 872 872 923 183 118 371 126 270 905 870 958 981 197 501 323 869 541 336 251 972 171 814 275 869 716 708 362 976 696 616 502 89 651 579 643 961 894 992 654 336 109 549 299 262 981 59 858 477 373 459 850 387 381 644 377 135 950 239 843 700 21 881 622 
298 48 901 713 80 22 606 990 66 122 111 495 665 328 445 148 209 504 670 631 733 300 644 621 484 23 862 981 124 797 776 782 257 323 927 570 606 523 926 843 418 419 719 576 653 400 411 142 209 679 166 242 318 393 512 955 810 626 258 383 705 74 20 253 326 935 391 433 220 37 384 1 181 560 239 71 529 783 114 507 726 779 31 376 146 442 274 247 154 481 232 962 487 900 659 996 66 445 
114 458 366 91 582 832 697 4 43 989 162 354 958 248 380 551 740 507 332 587 805 561 482 207 71 406 554 687 137 225 140 269 904 752 830 518 612 514 194 227 903 570 542 464 594 910 815 845 333 457 594 440 318 171 77 313 981 668 188 171 699 239 341 683 83 736 886 232 711 346 481 319 880 811 342 996 902 183 604 521 796 513 811 276 957 618 563 757 456 294 441 831 762 832 398 499 365 674 
114 159 649 548 455 985 925 555 284 812 316 914 760 721 322 141 717 811 135 483 955 370 468 341 446 586 613 901 164 165 885 17 312 429 504 171 783 519 704 489 940 598 418 578 267 920 634 880 375 276 468 728 703 785 988 261 47 855 568 425 515 744 379 124 501 630 190 683 563 476 320 534 979 778 736 3 340 86 787 554 675 659 999 186 944 610 327 583 910 168 672 946 718 850 63 34 641 426 
518 759 638 689 849 916 152 627 936 617 53 97 606 216 176 281 923 936 958 727 69 581 678 691 341 348 705 854 731 38 140 995 129 539 661 485 107 474 654 886 556 909 187 848 834 215 567 744 275 421 489 656 619 557 529 469 2 218 341 307 804 787 79 909 451 523 398 798 196 877 856 779 766 728 607 481 360 625 923 196 905 759 127 686 699 665 592 907 622 565 600 957 432 458 321 129 548 725 
225 725 133 510 64 810 26 474 840 692 890 821 385 311 397 468 933 483 172 598 359 921 118 98 209 49 323 390 947 795 102 43 866 643 598 783 696 694 349 518 171 965 35 594 663 344 412 550 129 404 345 229 602 217 660 407 209 290 505 416 920 57 117 43 478 432 446 411 858 213 87 586 256 821 636 56 361 548 276 473 750 461 142 146 934 862 966 368 636 349 54 324 94 202 440 93 448 89 
758 722 365 748 886 241 951 157 707 756 932 181 29 229 250 689 498 480 435 575 267 312 314 858 166 541 481 566 834 754 276 454 312 814 814 459 485 19 917 804 213 224 539 665 709 518 34 207 406 61 543 51 133 503 993 798 368 456 254 340 438 171 784 210 887 557 547 305 68 943 835 597 261 625 246 96 234 717 184 7 767 120 338 793 423 264 182 504 677 216 49 584 960 154 910 724 429 822 
5 351 656 16 51 810 15 919 240 788 800 501 214 414 30 924 876 148 895 669 898 599 447 993 953 408 188 660 646 830 513 486 686 498 362 494 282 251 951 739 296 708 750 119 655 715 924 234 665 956 946 644 388 653 744 759 824 660 536 797 61 159 535 383 690 732 487 709 942 703 700 661 586 925 151 909 991 924 181 446 158 582 912 181 77 364 228 422 786 816 693 227 306 510 846 858 980 35 
140 199 133 126 160 112 823 979 369 2 714 175 8 295 78 412 714 878 59 59 424 521 378 582 837 874 156 120 249 644 318 437 364 27 909 986 966 316 364 140 355 38 813 440 222 810 856 129 871 207 851 676 528 877 242 485 787 798 888 998 115 667 242 219 994 830 336 393 424 840 605 783 957 581 349 81 115 716 485 725 759 626 320 356 565 224 868 93 949 98 235 233 880 552 557 754 644 527 
970 486 97 612 734 882 135 297 196 644 751 713 214 424 11 553 14 261 215 236 89 278 93 801 3 746 865 539 273 456 327 482 458 648 760 882 981 129 83 975 752 483 743 231 438 233 404 53 434 322 929 938 535 562 403 598 438 776 771 990 355 755 936 105 15 23 166 639 423 288 552 647 42 872 555 107 353 533 570 534 328 137 420 859 227 347 226 216 60 682 662 677 922 750 493 434 792 654 
63 217 989 571 21 685 859 735 797 576 414 118 105 700 922 569 948 984 55 785 45 771 454 923 121 558 141 306 678 385 532 40 816 562 617 536 798 706 0 241 912 640 702 166 462 402 322 484 519 720 751 259 169 646 401 277 198 671 393 737 720 764 681 229 377 207 149 863 847 999 3 12 762 320 559 932 110 489 634 193 318 694 777 802 301 206 490 847 865 621 868 923 26 299 922 493 925 60 
729 738 106 849 781 914 182 173 898 58 749 370 61 445 657 235 185 858 109 944 340 50 782 776 454 681 391 392 430 835 835 850 647 819 87 649 730 517 12 7 211 372 680 854 198 57 375 514 166 361 834 84 354 145 695 902 29 136 810 528 400 311 643 412 371 875 981 120 275 792 573 945 785 653 515 686 185 965 800 413 384 983 675 999 119 466 647 541 557 26 568 513 928 11 65 190 158 852 
76 375 133 611 969 982 78 961 616 553 550 463 519 492 630 258 772 487 978 932 365 803 624 834 280 311 448 37 754 129 138 647 6 700 995 44 153 450 379 602 45 624 852 742 655 925 871 999 903 853 652 868 515 383 454 967 712 493 738 874 372 304 120 410 542 524 81 695 771 659 691 462 700 384 436 413 211 272 332 370 106 271 113 11 135 315 29 855 182 931 292 176 528 69 252 276 104 966 
935 806 273 808 758 706 117 201 960 743 397 193 326 541 895 8 602 573 935 694 653 2 991 907 219 268 449 976 250 396 826 451 331 531 390 378 403 478 648 629 402 313 818 22 999 54 22 49 11 873 852 134 938 638 83 828 753 58 90 903 870 48 122 302 221 796 721 718 618 491 477 409 360 249 52 194 197 999 646 190 61 259 101 277 76 135 380 344 198 730 863 139 90 987 513 848 982 737 
805 577 416 751 591 769 588 727 843 137 134 357 402 543 976 760 118 767 861 711 432 138 315 715 560 953 922 838 267 453 454 840 644 260 561 502 509 645 499 409 63 377 577 71 847 613 56 183 257 209 652 553 928 218 845 625 778 442 279 285 515 438 702 767 473 613 898 229 665 647 420 306 929 388 517 492 24 578 618 851 716 550 331 371 201 467 119 150 611 470 689 81 631 586 372 801 780 873 
627 578 674 87 48 910 874 263 295 397 361 228 742 635 155 55 112 800 802 148 156 81 463 572 771 403 778 859 614 241 503 398 580 406 996 95 159 16 692 395 541 519 914 543 661 486 227 480 185 525 301 572 138 347 951 392 302 611 412 224 382 764 236 598 413 574 483 646 605 641 502 753 993 976 937 414 600 516 873 940 525 386 180 190 211 908 809 393 838 590 721 186 936 698 315 966 906 913 
357 398 493 186 115 794 558 680 65 49 892 177 516 406 412 931 792 333 764 840 767 560 618 71 7 493 796 926 164 987 791 572 556 486 233 409 166 399 68 820 233 21 63 517 265 833 177 65 619 259 998 488 308 11 787 32 90 719 566 271 112 338 448 675 916 449 280 716 751 583 259 819 503 14 12 407 700 188 452 135 405 88 946 700 679 958 861 680 713 432 711 850 351 987 100 559 554 20 
556 404 883 542 196 554 210 165 848 179 765 398 756 289 123 79 306 758 142 864 572 414 237 394 946 752 752 32 352 854 64 954 324 381 366 909 291 644 764 688 975 911 733 328 347 287 979 277 814 89 129 348 293 776 806 57 902 865 466 370 770 880 6 584 185 722 666 980 453 414 403 288 161 619 748 620 903 385 398 764 66 276 699 762 479 577 768 548 295 766 526 125 610 900 420 584 281 742 
341 350 510 847 539 801 444 123 658 223 11 773 273 385 683 2 694 942 744 379 502 635 388 88 5 655 35 31 363 821 804 227 969 94 336 238 0 671 44 158 952 663 502 924 902 995 136 521 873 720 275 768 267 807 696 424 236 385 335 863 141 983 529 966 607 172 986 503 452 367 751 645 520 897 755 550 690 802 620 794 663 675 779 733 517 959 589 474 809 628 864 732 947 281 428 458 635 808 
200 227 152 6 296 895 145 435 717 573 866 43 528 295 693 835 904 834 990 222 75 213 409 391 993 94 463 488 990 817 885 440 749 730 177 961 325 333 148 211 344 673 964 507 498 292 651 131 179 311 791 948 363 278 881 545 344 339 518 459 772 176 518 932 498 774 929 940 334 392 440 122 247 885 714 675 939 419 215 12 489 353 113 175 555 768 650 580 150 273 83 801 141 87 191 447 75 20 
883 17 963 847 703 828 495 896 308 454 453 807 656 747 323 158 584 611 120 695 300 407 118 994 941 969 196 243 83 53 883 910 59 623 652 979 430 603 449 438 347 187 983 649 730 369 896 117 140 50 308 486 463 390 647 714 122 994 716 40 623 406 539 657 387 685 147 251 497 671 855 978 52 651 610 810 615 685 170 299 452 267 243 503 598 384 541 524 368 255 355 186 130 269 713 663 655 167 
168 274 813 812 588 544 110 824 116 191 357 647 824 555 283 102 415 744 286 419 1 846 692 33 231 803 93 208 32 522 974 852 190 776 876 917 116 424 460 594 577 263 190 965 699 657 515 925 106 53 547 45 927 41 332 821 178 941 719 556 160 313 310 232 34 760 638 691 849 514 544 815 240 552 474 782 757 494 981 726 747 613 226 529 513 762 527 602 508 914 410 747 688 494 427 555 893 902 
780 125 629 558 974 754 832 752 352 374 847 160 213 212 296 361 666 793 758 593 443 436 731 218 329 791 158 96 984 556 792 860 894 115 168 231 541 494 445 716 145 329 130 961 421 584 609 642 301 918 607 309 582 987 944 197 378 470 902 670 789 942 689 752 674 647 17 758 157 679 601 385 601 78 978 719 596 497 3 892 674 689 711 264 324 136 295 282 98 619 773 630 363 801 670 648 973 960 
316 953 100 911 107 903 648 3 911 931 690 558 902 672 855 548 814 928 6 564 92 695 899 505 297 8 712 520 974 495 409 728 43 103 680 648 229 936 10 740 553 210 88 6 767 291 119 396 351 277 256 369 346 986 16 989 677 453 42 29 111 465 763 864 967 978 430 359 488 75 636 453 290 82 781 381 749 106 113 981 732 909 605 724 861 249 456 76 451 586 850 235 454 496 243 610 635 97 
205 44 957 5 845 999 899 198 187 513 837 401 702 677 592 531 173 205 59 119 85 652 768 307 623 436 275 446 61 64 196 282 375 271 625 842 517 682 960 535 923 872 964 893 779 345 300 32 657 503 859 519 653 621 113 780 653 699 568 133 10 987 634 738 777 894 856 380 375 24 788 301 103 872 762 437 602 493 55 219 689 844 930 761 26 681 713 8 117 518 678 807 714 145 212 939 361 342 
990 370 765 670 807 311 943 882 836 296 277 471 778 140 740 30 344 300 17 923 291 160 982 792 542 451 339 118 799 287 993 228 302 390 500 515 573 569 631 710 358 943 174 108 490 12 442 100 340 764 557 723 691 659 489 571 383 307 279 548 543 700 593 56 742 240 150 648 162 885 483 666 704 610 926 334 662 888 182 739 555 386 902 264 152 88 973 496 469 861 21 744 357 483 464 140 731 28 
320 45 866 537 825 431 43 514 906 719 151 0 14 36 531 937 662 699 542 850 610 110 917 498 769 702 481 499 398 8 192 720 552 436 371 528 110 652 40 983 693 573 233 125 719 891 20 171 729 306 810 24 856 654 405 397 819 196 956 175 170 311 178 207 570 376 983 596 656 145 56 556 268 819 131 317 660 69 411 294 924 131 983 879 520 581 544 467 785 909 879 984 652 396 680 853 367 208 
177 63 697 241 58 792 387 704 84 869 152 80 213 451 670 806 806 741 593 122 690 16 29 541 379 625 394 993 451 333 473 104 926 487 516 780 254 700 598 11 730 634 241 703 541 633 86 613 391 95 888 152 789 4 508 356 60 27 751 878 59 250 147 206 667 550 741 697 587 736 683 508 537 756 248 413 561 790 732 257 683 383 309 697 777 854 631 781 973 986 147 69 665 166 925 22 454 755 
933 25 456 485 522 27 86 925 71 716 186 189 115 797 774 687 377 931 666 313 698 563 231 519 841 650 808 198 883 135 132 379 796 589 237 86 391 904 322 48 908 54 928 88 777 112 395 679 775 172 877 64 11 894 520 953 84 44 778 592 273 254 250 229 494 3 689 764 636 596 172 417 511 29 784 361 28 678 701 0 642 675 851 488 257 722 523 473 454 971 202 632 490 301 764 851 638 851 
127 348 531 201 619 203 883 720 769 764 944 701 900 996 732 523 570 504 597 853 38 319 568 349 510 794 751 435 495 330 317 866 413 933 295 373 296 492 797 835 617 808 87 165 30 897 58 510 586 16 844 971 122 186 897 632 966 236 744 677 632 95 129 308 775 271 379 505 433 715 776 606 248 91 37 270 19 732 617 798 734 886 153 433 630 706 813 887 351 812 162 778 542 289 523 989 635 539 
187 334 57 208 527 667 597 845 365 344 358 283 657 568 370 647 568 963 788 789 801 983 630 234 733 89 548 234 248 868 656 837 679 876 167 309 413 712 360 957 207 970 780 787 223 830 59 254 594 500 800 824 840 850 789 475 686 139 342 597 87 898 905 71 980 144 107 566 777 565 572 265 501 524 495 140 171 625 560 547 710 869 265 998 514 661 566 742 545 89 168 368 518 341 212 138 118 965 
324 97 4 146 304 508 488 93 272 294 331 624 658 641 496 590 299 466 540 995 394 176 284 521 757 676 826 754 902 676 972 121 936 164 538 442 384 644 830 850 54 918 78 983 668 882 132 922 789 477 324 811 578 918 817 265 527 692 385 325 65 833 871 571 660 438 774 62 708 472 299 54 607 552 391 813 937 611 536 193 257 157 298 128 707 771 105 495 272 203 389 948 389 867 339 198 617 480 
13 0 375 154 495 546 708 262 244 959 909 467 154 27 304 848 2 503 332 886 936 945 872 65 714 609 945 768 487 696 742 157 101 68 217 892 336 107 614 898 811 717 977 136 800 523 718 224 861 492 284 345 409 523 531 357 349 382 265 241 345 780 780 640 544 849 113 277 9 898 369 333 756 641 491 181 99 593 642 556 482 410 789 434 572 526 96 213 664 874 325 380 877 875 832 24 416 151 
795 691 395 161 358 175 395 116 14 46 380 52 223 87 954 329 41 157 647 684 6 871 604 755 364 254 683 541 814 476 964 994 872 753 731 749 329 463 369 912 274 451 593 202 995 240 550 254 669 483 842 692 614 441 484 589 27 311 452 478 213 555 737 156 617 79 155 343 44 391 980 339 931 21 193 232 594 835 643 524 326 557 422 365 500 369 416 698 787 394 662 11 962 843 996 919 979 851 
575 710 153 226 468 582 885 432 437 542 533 36 370 751 741 849 186 118 850 397 810 890 398 194 399 450 679 280 564 472 256 349 246 266 785 672 107 839 880 987 101 888 914 709 819 262 621 502 427 496 111 909 872 820 372 375 543 685 459 265 293 644 628 251 291 529 960 208 962 184 718 641 392 893 609 996 835 555 955 566 166 647 877 978 676 731 650 883 52 882 869 165 212 216 163 107 603 860 
887 152 6 100 101 957 457 398 776 257 947 612 291 91 29 772 35 957 5 656 288 377 262 848 752 437 166 229 849 646 491 251 457 283 551 661 645 626 63 274 774 893 782 779 968 751 114 899 397 66 202 715 30 939 976 748 502 989 904 438 818 891 678 841 433 676 720 662 964 566 423 675 23 932 463 971 620 635 860 676 407 339 72 220 852 38 422 900 552 681 145 910 803 117 388 641 0 415 
668 684 307 3 93 102 11 632 445 38 452 885 315 391 434 348 29 110 916 830 686 378 328 98 906 108 508 188 809 619 287 716 503 259 432 269 327 105 501 894 252 960 725 115 198 333 403 766 264 712 286 117 155 252 637 274 736 863 682 397 638 248 823 556 58 80 425 760 198 780 473 208 616 104 944 923 56 571 782 590 748 508 74 946 504 557 272 621 844 137 315 782 759 714 345 797 585 431 
22 359 310 82 76 775 917 609 396 961 649 15 35 428 93 391 114 710 520 988 141 499 93 793 379 266 590 981 742 653 669 47 580 416 199 659 188 260 703 12 118 23 613 807 449 189 866 959 801 766 715 2 540 768 535 609 746 898 775 360 574 814 420 566 1 706 34 915 422 728 653 580 451 86 659 140 129 556 36 712 898 421 617 894 836 780 521 439 145 82 242 921 385 383 624 916 730 816 
285 235 196 67 40 98 838 855 602 348 333 351 627 1 887 870 242 485 940 500 191 289 781 820 323 435 595 876 676 323 633 362 898 850 94 116 749 400 95 364 864 896 443 212 793 706 646 337 840 751 533 7 491 900 211 584 980 110 77 58 203 315 109 727 410 57 845 31 540 980 598 835 642 829 15 584 982 484 89 581 717 706 673 304 33 639 30 28 194 845 327 908 444 415 115 814 290 636 
251 623 167 212 975 532 31 990 637 523 346 362 865 161 501 537 542 986 265 804 199 667 822 105 291 172 961 707 704 698 702 541 51 650 337 95 279 214 117 505 187 860 425 584 723 847 581 821 34 835 843 172 376 316 260 346 269 924 105 216 11 574 380 338 223 75 230 625 537 61 531 459 67 381 953 932 132 14 809 71 221 376 661 699 711 56 814 904 178 831 765 372 398 662 653 765 659 783 
338 839 46 823 1 937 155 842 309 525 666 808 977 412 260 48 210 695 836 122 44 711 269 449 430 748 476 635 739 508 726 818 699 171 404 670 394 738 794 674 472 866 971 817 807 51 675 895 587 661 55 279 297 708 736 691 648 357 1 477 782 578 350 89 81 0 684 597 597 404 116 193 746 10 115 108 258 335 420 425 122 544 660 559 655 933 821 642 34 767 457 193 954 389 924 742 385 782 
169 814 824 767 276 890 96 965 894 676 606 567 843 911 829 945 256 652 432 682 67 313 149 785 304 832 577 409 360 595 684 629 886 13 745 41 939 87 22 22 643 766 348 752 876 923 70 483 833 733 200 145 428 935 788 862 83 707 925 948 326 51 416 950 607 452 940 528 592 467 592 518 508 319 81 238 539 651 345 45 242 101 216 463 834 931 636 621 913 891 381 111 831 865 257 463 94 971 
947 926 92 377 419 342 852 692 470 714 482 72 88 952 135 480 437 183 602 50 10 441 155 317 937 861 689 778 938 374 727 494 721 58 945 809 25 260 871 839 744 933 352 730 59 89 923 78 683 565 630 149 45 55 296 6 303 298 997 565 363 710 680 812 831 254 679 672 708 79 278 636 495 690 550 729 754 816 380 925 203 272 452 708 867 808 605 657 75 341 348 775 711 702 523 450 306 228 
783 953 780 713 839 233 894 844 122 707 454 950 62 246 183 115 526 315 739 630 796 544 968 277 202 976 945 876 423 731 591 411 771 686 62 262 343 159 955 12 322 897 559 419 821 185 748 53 77 741 811 957 102 106 979 902 494 584 581 179 353 354 975 543 994 809 78 360 435 479 376 100 483 720 418 253 495 615 194 930 970 626 337 147 45 925 753 517 798 805 383 344 629 131 741 70 733 904 
825 623 394 574 343 321 208 56 861 873 370 406 219 959 226 774 845 409 831 546 310 731 868 998 298 877 274 714 510 533 240 231 170 984 243 192 324 282 565 757 494 883 622 447 42 260 846 235 365 435 528 902 292 348 281 804 375 906 348 880 226 375 636 661 349 772 313 137 648 524 414 333 512 402 1 502 528 690 933 254 743 280 275 569 62 515 139 302 319 97 528 77 250 201 868 998 63 981 
578 417 737 559 544 518 482 535 477 178 919 230 241 796 667 693 288 965 849 625 330 562 38 114 57 82 145 210 512 393 10 518 81 783 491 683 554 76 667 932 350 561 520 63 84 279 565 760 434 67 695 2 920 817 158 69 848 524 594 699 943 899 695 265 61 684 252 213 511 386 998 702 366 769 602 557 675 578 686 673 663 43 803 497 149 457 187 311 840 435 422 427 134 295 222 396 521 199 
532 401 430 344 556 907 681 949 778 780 160 518 231 373 648 936 291 133 735 748 818 343 148 334 114 198 261 702 810 817 698 392 277 999 157 237 53 166 394 149 150 374 18 435 303 308 448 794 207 746 726 116 75 407 312 288 985 272 333 954 479 680 927 969 221 969 290 149 66 229 209 628 396 581 618 621 984 85 657 80 745 714 807 590 508 668 611 459 260 178 376 595 116 445 339 269 326 466 
500 752 678 769 616 22 5 571 955 256 304 532 647 781 449 102 117 104 463 803 639 285 532 6 431 405 35 919 932 450 501 148 215 119 65 45 340 348 133 248 959 801 558 488 407 587 246 654 795 490 167 933 484 272 163 75 984 248 130 463 643 687 630 661 882 28 262 123 447 417 605 645 352 522 958 812 18 716 243 163 97 502 271 763 470 711 877 414 279 110 352 968 146 458 518 289 512 953 
117 996 608 614 956 206 238 717 940 250 677 453 379 466 680 452 175 714 288 357 14 143 411 30 268 311 112 57 392 373 724 922 64 249 153 562 116 679 487 212 470 57 629 391 240 529 404 607 681 39 273 853 324 436 236 906 132 52 500 662 392 243 991 606 28 997 851 131 713 570 582 592 997 855 34 174 876 900 720 254 196 223 200 894 984 341 574 904 241 451 568 722 768 248 636 867 481 88 
879 688 871 743 833 691 746 645 952 729 647 483 986 255 623 385 689 727 473 82 785 242 380 519 91 905 949 385 402 186 358 204 857 26 344 83 410 565 544 512 386 673 556 371 285 289 253 287 976 503 882 709 527 175 257 443 944 879 8 739 590 107 490 486 766 915 598 660 617 676 345 760 13 836 945 795 988 64 201 88 174 402 990 451 832 562 883 688 720 444 741 127 375 10 357 62 778 998 
767 940 614 847 681 469 496 859 555 783 646 771 975 711 976 988 933 731 746 102 910 489 472 461 187 311 70 105 332 252 259 267 210 81 41 467 595 447 822 938 399 469 474 98 98 63 265 723 522 592 809 774 427 566 591 848 733 502 553 583 735 798 131 601 345 93 53 261 191 763 961 796 837 183 670 801 917 728 132 281 204 921 573 690 727 807 411 485 523 246 216 676 603 75 369 51 713 448 
804 49 54 869 257 534 612 702 444 148 952 993 915 930 96 208 15 957 862 16 637 541 332 728 790 176 60 825 709 105 328 926 272 334 362 930 942 543 711 631 523 398 465 300 749 912 439 787 714 819 550 421 467 467 518 467 787 542 861 342 91 741 147 770 992 738 164 68 403 945 789 926 443 456 146 974 326 151 24 3 475 331 871 155 680 750 257 3 577 899 777 872 105 122 822 982 982 824 
758 168 577 926 510 466 280 355 556 239 544 830 10 355 315 139 954 231 837 116 443 326 367 99 209 22 823 793 890 894 943 847 191 233 834 964 154 573 770 878 622 180 473 478 856 92 472 299 499 428 807 194 953 679 184 837 72 904 383 395 45 457 386 315 135 862 306 154 949 677 907 711 38 624 336 83 62 60 977 545 415 950 997 91 88 359 570 130 700 489 806 928 124 221 959 881 101 213 
139 678 674 557 601 56 460 332 360 574 649 636 788 237 222 926 587 719 182 94 835 584 234 11 318 709 596 792 35 798 195 65 994 41 558 69 309 67 934 936 829 528 357 652 529 650 779 125 43 408 5 291 405 747 570 771 901 267 400 364 83 219 19 314 985 811 70 96 121 935 91 100 253 253 704 458 205 423 458 284 451 841 744 828 198 234 505 398 410 624 491 945 619 164 38 623 965 21 
618 732 411 173 862 599 616 481 201 848 798 831 973 171 760 721 321 980 507 965 202 709 822 161 266 269 188 947 716 45 787 50 103 260 608 766 120 134 462 483 587 865 114 994 724 922 991 511 592 546 708 575 720 285 456 500 365 122 405 418 353 698 417 97 421 917 301 907 18 834 65 585 714 843 697 418 548 72 843 189 258 897 61 184 313 61 415 407 573 628 664 990 879 443 326 279 218 969 
679 829 222 263 122 9 959 124 883 464 540 947 994 227 959 957 754 770 418 307 636 507 387 203 699 7 442 49 98 378 213 930 278 196 972 927 64 184 18 145 351 317 998 300 392 187 387 484 371 813 740 641 627 144 997 695 919 234 546 718 346 397 515 988 33 856 290 434 455 524 273 382 74 100 682 314 412 144 386 405 922 644 707 820 101 554 360 662 86 974 136 467 9 180 329 934 744 711 
158 484 539 609 287 62 470 828 675 609 650 768 550 551 516 871 644 736 592 573 490 290 302 425 739 886 17 399 425 738 37 12 362 848 895 136 437 611 31 262 457 204 858 587 515 16 56 458 174 131 154 92 768 782 206 893 958 305 129 442 402 257 425 396 849 920 696 419 582 366 382 791 852 931 438 139 704 215 296 266 476 154 720 724 942 679 676 778 220 98 35 267 193 617 978 39 791 971 
48 968 197 810 428 521 500 731 691 561 345 81 230 682 398 674 697 658 935 485 593 481 121 12 53 604 543 653 814 596 82 254 398 222 430 335 146 273 456 866 947 903 842 820 394 365 947 160 725 535 738 511 891 721 588 212 894 808 215 896 892 841 90 278 727 596 446 578 556 319 633 91 777 794 368 584 692 546 853 822 435 15 523 576 766 687 429 963 331 685 699 639 910 110 705 779 639 370 
262 850 485 467 431 573 504 541 732 561 30 965 974 792 631 43 432 678 873 70 151 886 922 18 8 905 579 821 392 438 818 861 704 554 840 192 54 764 722 137 166 763 276 667 610 538 839 110 434 233 652 528 284 969 828 165 38 615 302 199 79 312 522 624 26 986 573 693 623 473 893 738 795 474 414 307 4 352 115 991 612 57 276 519 745 616 91 803 834 833 233 893 157 105 247 346 515 593 
679 761 623 453 312 363 386 544 49 926 134 167 569 754 446 437 145 337 531 278 174 192 197 352 367 714 434 8 699 265 381 108 508 676 863 10 897 562 766 373 178 890 352 463 492 853 26 478 770 160 670 25 330 335 414 378 831 829 594 300 488 551 639 489 756 532 206 62 61 28 124 258 876 162 288 39 990 738 361 443 989 289 190 797 839 27 905 985 153 253 394 195 160 40 322 667 180 49 
982 1 659 627 650 595 832 239 970 921 462 525 518 465 424 452 490 972 87 769 862 285 468 376 42 194 413 995 680 886 701 30 627 142 790 43 813 964 779 264 434 943 673 195 402 733 400 180 214 178 922 97 795 87 351 317 60 478 157 684 757 608 419 474 483 742 684 753 501 499 570 448 266 208 252 326 664 974 520 524 386 44 522 882 915 344 144 311 539 703 15 93 64 536 581 638 7 272 
752 932 506 797 616 695 137 217 614 430 402 448 525 499 495 474 153 318 408 814 113 587 248 315 345 164 310 753 122 87 771 907 689 179 64 51 517 722 201 145 698 766 595 914 442 616 114 173 401 162 808 935 121 301 309 972 248 866 507 844 36 383 446 425 521 778 523 697 406 654 659 513 941 900 141 183 601 604 689 778 623 404 178 760 500 351 42 901 819 649 60 37 10 78 757 898 3 17 
80 60 631 693 266 90 362 855 357 629 113 271 593 565 548 773 874 487 610 772 977 421 965 982 789 594 447 408 100 77 707 578 845 375 329 260 600 11 669 33 595 761 710 799 540 569 378 235 857 140 41 910 535 80 399 748 18 281 526 941 269 530 426 281 630 145 587 126 963 522 856 594 641 828 590 459 61 235 187 88 96 459 328 664 207 689 187 22 667 698 253 763 58 968 851 621 357 600 
252 877 768 752 537 974 400 34 315 159 371 361 219 555 249 52 871 269 266 70 872 511 395 155 163 566 464 690 31 938 997 615 209 573 856 769 673 672 814 864 608 335 374 600 452 309 765 930 859 364 846 932 562 899 666 322 998 103 831 950 503 679 248 319 148 377 655 498 700 160 967 738 598 686 667 307 186 396 584 466 471 941 69 432 215 515 151 551 47 884 918 318 370 129 998 297 155 606 
158 947 917 332 989 102 351 339 350 595 738 804 739 376 674 777 98 253 732 928 925 701 201 986 97 237 262 469 934 138 56 133 129 219 605 270 344 419 232 994 771 965 823 421 252 85 811 920 969 817 667 683 113 122 230 198 537 471 732 627 418 565 355 834 666 940 846 710 326 182 303 118 70 525 530 672 73 851 485 185 773 532 608 432 339 895 92 210 785 621 710 842 263 408 482 178 854 744 
123 948 868 347 598 471 626 247 177 511 207 512 690 467 437 368 197 175 492 808 857 954 434 896 351 730 443 774 19 864 149 334 262 523 253 137 663 693 598 906 631 625 624 453 367 78 997 414 920 545 526 781 890 877 507 14 988 319 563 797 689 453 613 804 458 645 589 972 661 396 654 471 499 693 213 383 798 700 608 166 398 476 442 190 220 499 438 67 769 611 639 600 148 5 122 192 232 782 
224 631 38 458 791 177 334 127 113 102 73 206 170 659 288 517 767 176 346 585 1 685 663 823 58 182 852 865 133 56 266 301 357 19 486 180 336 897 711 133 799 604 355 713 247 140 170 347 954 881 910 738 823 906 885 748 25 763 613 813 52 669 468 136 21 287 770 339 217 856 494 679 973 74 476 492 390 719 431 227 523 328 211 22 297 399 548 978 962 988 29 895 254 122 252 562 859 933 
849 816 266 742 40 141 786 744 193 144 173 227 544 552 441 104 206 129 855 441 168 637 880 694 48 60 869 615 511 823 742 884 978 53 109 301 139 349 639 809 848 480 107 633 814 974 639 420 977 124 620 710 876 922 920 326 647 690 617 166 122 381 415 361 878 437 843 107 926 922 969 74 8 431 194 977 329 698 908 188 83 421 323 811 310 560 653 941 97 451 107 89 54 49 382 910 922 577 
